
--- Todos los datos de la zona BELISARIO ---
PM2.5	NO2	SO2	CO2
17.00	26.00	1.00	9.00
71.00	20.00	2.00	8.00
51.00	38.00	3.00	10.00
62.00	38.00	2.00	10.00
60.00	34.00	3.00	11.00
57.00	20.00	3.00	2.00
31.00	12.00	5.00	6.00
56.00	35.00	2.00	10.00
49.00	30.00	2.00	10.00
60.00	24.00	2.00	7.00
43.00	33.00	2.00	13.00
50.00	40.00	2.00	7.00
49.00	34.00	2.00	6.00
47.00	25.00	3.00	6.00
49.00	32.00	3.00	6.00
51.00	35.00	3.00	6.00
53.00	30.00	2.00	5.00
52.00	24.00	2.00	3.00
29.00	31.00	2.00	4.00
39.00	35.00	1.00	4.00
41.00	33.00	2.00	7.00
52.00	38.00	2.00	7.00
51.00	33.00	3.00	7.00
48.00	23.00	4.00	9.00
59.00	31.00	3.00	10.00
67.00	43.00	2.00	8.00
60.00	28.00	1.00	6.00
35.00	30.00	3.00	10.00
56.00	27.00	4.00	11.00
73.00	23.00	2.00	8.00
-------------------------------

--- Reporte de la zona BELISARIO ---
Actuales: PM2.5=73.00, NO2=23.00, SO2=2.00, CO2=8.00
Promedios: PM2.5=50.60, NO2=30.17, SO2=2.43, CO2=7.53
-------------------------------
